(24)Themis 22
13.55 7.825
13.28 7.853
7.26 7.600
6.89 7.586
4.95 7.478
4.75 7.452
4.36 7.439
3.95 7.417
2.94 7.366
2.80 7.351
2.40 7.317
1.98 7.295
1.71 7.278
1.57 7.279
1.39 7.250
1.17 7.239
0.74 7.207
0.57 7.197
0.44 7.172
0.34 7.146
7.79 7.626
20.79 8.110
(44)Nysa 23
19.00 7.551
18.52 7.524
17.16 7.511
13.81 7.437
13.20 7.426
8.27 7.304
0.98 7.052
0.63 7.014
0.17 6.911
0.36 6.972
0.75 7.033
1.23 7.080
1.62 7.105
2.02 7.126
4.95 7.235
9.78 7.341
11.59 7.385
12.94 7.425
13.27 7.427
13.58 7.433
13.89 7.434
19.40 7.545
21.47 7.599
(69)Hesperia 21
16.00 7.82
12.19 7.71
11.90 7.68
11.62 7.67
9.89 7.64
5.10 7.48
4.04 7.42
3.26 7.28
2.46 7.25
1.67 7.13
1.28 7.12
0.92 7.08
0.13 7.00
0.29 6.99
1.04 7.10
2.23 7.23
5.69 7.43
6.03 7.43
8.59 7.53
12.72 7.64
13.00 7.69
(82)Alkmene 11
17.86 8.99
17.57 9.09
11.29 8.85
10.86 8.83
7.18 8.73
6.70 8.71
5.26 8.63
2.99 8.51
2.29 8.43
27.13 9.28
27.19 9.28
(133)Cyrene 11
10.22 8.524
9.86 8.521
9.14 8.492
0.20 7.881
0.56 7.967
0.96 8.043
1.36 8.090
2.58 8.188
7.46 8.462
7.82 8.480
13.18 8.633
(419)Aurelia 7
0.63 8.537
0.62 8.561
1.78 8.623
2.20 8.653
2.62 8.664
6.68 8.878
15.44 9.317
(1862)Apollo 18
5.3 16.65
4.1 16.58
2.7 16.53
1.3 16.45
0.2 16.25
3.8 16.60
5.4 16.67
7.6 16.73
9.7 16.79
12.1 16.83
14.8 16.97
17.6 17.00
46.3 17.83
53.8 18.08
59.8 18.18
61.9 18.31
79.8 18.85
89.0 19.15
Moon 17 
0.5 -0.03
1.0 0.03
2.0 0.13
4.0 0.27
6.0 0.37
10.0 0.49
15.0 0.63
20.0 0.77
25.0 0.91
30.0 1.05
40.0 1.34
50.0 1.61
60.0 1.90
80.0 2.55
100.0 3.32
120.0 4.19
140.0 5.35